3000
50
586
55
736
114
582
198
591
414
726
519
574
602
710
895
591
1011
699
1101
574
1167
721
1204
572
1283
698
1360
577
1461
590
1708
700
1795
575
1871
670
1927
584
2035
716
2110
572
2267
665
2327
669
2389
577
2806
686
2907
10
605
811
631
2403
657
2508
673
2609
723
2706
10
654
217
593
236
747
257
616
1546
610
1654
52
643
329
688
351
716
339
616
614
615
637
622
668
685
673
774
1468
763
1464
741
1452
585
1589
636
1589
692
1591
664
1583
739
1579
764
1609
736
1623
703
1640
644
1664
581
1692
735
2255
756
2239
765
2275
756
2272
603
2310
589
2337
8
636
273
721
307
628
741
731
779
6
577
782
605
919
717
989
